Number of variables: 7090
Time: 8.2 seconds, Objective: 877475.0
Time: 10.7 seconds, Objective: 514354.0
Time: 14.3 seconds, Objective: 513362.0
Time: 17.1 seconds, Objective: 512619.0
Time: 19.5 seconds, Objective: 512441.0
Time: 20.7 seconds, Objective: 511635.0
Time: 34.6 seconds, Objective: 511270.0
Time: 36.3 seconds, Objective: 511270.0
Time: 38.0 seconds, Objective: 511270.0
Time: 39.4 seconds, Objective: 511270.0
Time: 41.2 seconds, Objective: 511270.0
Time: 42.2 seconds, Objective: 511270.0
Time: 43.6 seconds, Objective: 511270.0
Time: 44.8 seconds, Objective: 511270.0
Time: 46.3 seconds, Objective: 511012.0
Time: 47.7 seconds, Objective: 511012.0
Time: 49.3 seconds, Objective: 510563.0
Time: 51.0 seconds, Objective: 510563.0
Time: 53.1 seconds, Objective: 510441.0
Time: 54.8 seconds, Objective: 510441.0
Time: 55.9 seconds, Objective: 510441.0
Time: 57.6 seconds, Objective: 510441.0
Time: 59.5 seconds, Objective: 510441.0
Time: 60.6 seconds, Objective: 510441.0
Time: 62.6 seconds, Objective: 510441.0
Time: 63.6 seconds, Objective: 510441.0
Time: 64.6 seconds, Objective: 510221.0
Time: 66.0 seconds, Objective: 510221.0
Time: 67.4 seconds, Objective: 510031.0
Time: 68.6 seconds, Objective: 510031.0
Time: 69.8 seconds, Objective: 509762.0
Time: 71.1 seconds, Objective: 509762.0
Time: 72.2 seconds, Objective: 509314.0
Time: 73.7 seconds, Objective: 509314.0
Time: 75.0 seconds, Objective: 508726.0
Time: 79.9 seconds, Objective: 508726.0
Time: 81.3 seconds, Objective: 508094.0
Time: 83.0 seconds, Objective: 508094.0
Time: 84.7 seconds, Objective: 507847.0
Time: 96.6 seconds, Objective: 507847.0
Time: 98.1 seconds, Objective: 507775.0
Time: 100.3 seconds, Objective: 507775.0
Time: 102.0 seconds, Objective: 507583.0
Time: 113.5 seconds, Objective: 507583.0
Time: 115.4 seconds, Objective: 507503.0
Time: 117.2 seconds, Objective: 507503.0
Time: 119.1 seconds, Objective: 507503.0
Time: 121.3 seconds, Objective: 507503.0
Time: 123.2 seconds, Objective: 507503.0
Time: 125.2 seconds, Objective: 507503.0
Time: 127.5 seconds, Objective: 507503.0
Time: 129.6 seconds, Objective: 507503.0
Time: 131.9 seconds, Objective: 507503.0
Time: 134.2 seconds, Objective: 507503.0
Time: 137.5 seconds, Objective: 507503.0
Time: 139.9 seconds, Objective: 507503.0
Time: 142.5 seconds, Objective: 507503.0
Time: 145.4 seconds, Objective: 507503.0
Total solving time: 145.5 seconds
1
2
3
4
5
6
7
8
9
10
11
12
13
14
15
16
17
18
19
21
22
23
24
25
26
27
28
29
30
31
32
33
34
36
37
39
40
41
42
43
44
45
47
48
49
50
51
52
55
56
58
59
60
61
62
63
64
65
66
67
70
71
72
74
75
77
79
81
83
84
85
86
87
88
89
90
91
94
95
97
102
103
105
106
107
109
110
112
113
117
118
119
120
121
122
123
124
125
126
128
130
134
136
138
139
140
141
143
144
147
148
149
151
153
154
155
156
160
164
165
166
169
171
172
174
177
178
179
180
181
184
186
187
190
191
192
193
197
198
200
201
203
205
210
211
221
223
228
229
232
235
236
246
248
251
255
258
261
263
266
267
268
270
273
276
279
282
283
285
287
288
289
294
295
296
299
306
307
309
312
314
315
316
317
321
324
325
326
327
329
335
339
341
346
351
352
354
360
365
366
367
375
376
378
385
390
392
396
397
410
412
421
423
424
427
433
436
438
439
444
450
452
453
457
458
461
468
469
474
475
481
484
485
489
490
492
495
503
505
511
512
514
517
519
521
525
526
527
535
539
549
552
563
565
571
583
585
586
598
599
610
613
615
620
621
623
624
634
638
655
657
671
674
683
689
691
693
695
705
706
710
714
717
723
727
729
730
734
735
737
738
743
744
745
750
755
759
773
775
778
782
805
813
820
822
837
841
847
848
852
857
860
863
865
868
872
881
904
908
912
913
918
919
926
939
942
948
951
953
968
976
978
979
980
981
985
986
992
999
1002
1003
1021
1026
1032
1036
1037
1045
1049
1050
1051
1052
1068
1075
1082
1103
1104
1108
1119
1127
1135
1168
1170
1173
1180
1192
1198
1208
1211
1217
1223
1264
1265
1274
1289
1290
1292
1297
1311
1328
1333
1341
1367
1377
1378
1379
1381
1391
1393
1396
1398
1405
1415
1434
1447
1467
1477
1484
1489
1501
1503
1505
1513
1517
1524
1528
1529
1551
1558
1563
1571
1596
1598
1602
1606
1611
1614
1619
1622
1628
1633
1649
1653
1655
1659
1665
1676
1684
1700
1701
1725
1739
1753
1757
1761
1763
1764
1768
1774
1782
1785
1794
1795
1803
1819
1826
1830
1843
1864
1872
1878
1881
1884
1889
1907
1914
1918
1938
1952
1955
1970
1973
1981
2003
2007
2019
2027
2034
2037
2041
2042
2052
2059
2099
2113
2149
2156
2191
2196
2223
2237
2239
2242
2244
2257
2270
2277
2292
2294
2310
2336
2341
2342
2344
2358
2374
2397
2401
2428
2435
2441
2484
2503
2504
2506
2515
2516
2529
2568
2571
2580
2606
2613
2615
2636
2647
2657
2663
2684
2691
2692
2696
2702
2729
2798
2804
2806
2813
2833
2855
2869
2876
2892
2898
2916
2974
2993
3043
3045
3048
3058
3063
3077
3086
3109
3125
3144
3146
3147
3174
3184
3191
3198
3202
3215
3225
3226
3257
3268
3269
3289
3299
3312
3321
3345
3348
3356
3376
3399
3412
3422
3426
3494
3504
3517
3518
3531
3557
3571
3577
3592
3646
3679
3716
3719
3739
3773
3793
3802
3818
3822
3832
3853
3923
3946
3948
3987
3998
4031
4075
4079
4094
4096
4100
4109
4113
4238
4241
4302
4305
4331
4371
4388
4424
4438
4452
4460
4462
4465
4479
4487
4494
4496
4505
4514
4539
4546
4574
4579
4595
4600
4616
4650
4663
4669
4670
4686
4733
4734
4761
4779
4798
4817
4846
4852
4858
4906
4925
4936
4971
5016
5019
5054
5067
5072
5106
5193
5209
5250
5265
5276
5300
5320
5324
5328
5330
5365
5377
5378
5404
5425
5439
5452
5459
5476
5516
5521
5522
5538
5575
5597
5610
5631
5650
5665
5699
5752
5790
5833
5925
5997
6038
6047
6062
6071
6120
6130
6186
6265
6273
6287
6323
6354
6362
6381
6463
6491
6533
6534
6550
6554
6574
6575
6586
6602
6767
6774
6781
6797
6867
6935
6940
6957
6961
6962
6987
7010
